1214.88	1959.49
1226.7	1959.49
1238.53	1959.49
1250.35	1959.49
1262.18	1959.49
1285.82	1959.49
1297.65	1959.49
1303.56	1953.58
1303.56	1929.96
1309.47	1924.06
1315.38	1929.96
1321.29	1924.06
1327.2	1929.96
1333.12	1924.06
1339.03	1929.96
1344.94	1924.06
1350.85	1929.96
1356.77	1924.06
1362.68	1906.34
1350.85	1906.34
1344.94	1900.44
1339.03	1906.34
1333.12	1900.44
1321.29	1900.44
1321.29	1888.63
1309.47	1888.63
1303.56	1882.72
1297.65	1888.63
1291.73	1882.72
1285.82	1888.63
1279.91	1882.72
1268.09	1894.53
1279.91	1894.53
1291.73	1906.34
1309.47	1900.44
1303.56	1906.34
1303.56	1918.15
1291.73	1918.15
1279.91	1918.15
1279.91	1906.34
1268.09	1906.34
1256.26	1894.53
1244.44	1894.53
1256.26	1906.34
1262.18	1935.87
1250.35	1935.87
1238.53	1935.87
1226.7	1935.87
1226.7	1912.25
1214.88	1912.25
1203.06	1912.25
1191.23	1912.25
1197.15	1918.15
1191.23	1924.06
1185.32	1929.96
1179.41	1924.06
1173.5	1929.96
1161.67	1929.96
1155.76	1935.87
1149.85	1929.96
1138.03	1906.34
1149.85	1906.34
1149.85	1894.53
1138.03	1894.53
1126.2	1906.34
1114.38	1906.34
1102.56	1906.34
1090.73	1906.34
1078.91	1906.34
1090.73	1894.53
1102.56	1894.53
1090.73	1882.72
1102.56	1882.72
1114.38	1882.72
1114.38	1894.53
1126.2	1894.53
1126.2	1882.72
1138.03	1870.91
1149.85	1870.91
1161.67	1870.91
1173.5	1870.91
1185.32	1870.91
1197.15	1870.91
1208.97	1870.91
1214.88	1865.01
1220.79	1870.91
1226.7	1865.01
1232.62	1870.91
1238.53	1865.01
1244.44	1870.91
1250.35	1865.01
1262.18	1865.01
1274.0	1865.01
1285.82	1865.01
1297.65	1865.01
1309.47	1865.01
1327.2	1870.91
1333.12	1876.82
1339.03	1870.91
1344.94	1876.82
1350.85	1870.91
1356.77	1876.82
1362.68	1870.91
1368.59	1876.82
1374.5	1870.91
1380.41	1876.82
1386.32	1882.72
1398.15	1882.72
1409.97	1882.72
1409.97	1918.15
1398.15	1918.15
1386.32	1918.15
1398.15	1941.77
1386.32	1941.77
1374.5	1941.77
1362.68	1941.77
1350.85	1941.77
1339.03	1941.77
1350.85	1965.39
1380.41	1971.3
1392.24	1971.3
1492.74	2030.35
1498.65	2036.25
1492.74	2042.16
1498.65	2048.06
1504.56	2042.16
1510.47	2048.06
1522.3	2048.06
1534.12	2048.06
1504.56	2030.35
1528.21	2030.35
1534.12	2036.25
1540.03	2030.35
1545.94	2036.25
1551.85	2042.16
1557.77	2048.06
1563.68	2042.16
1557.77	2036.25
1563.68	2030.35
1569.59	2048.06
1575.5	2042.16
1587.33	2030.35
1610.97	2030.35
1610.97	2042.16
1605.06	2048.06
1616.89	2048.06
1622.8	2042.16
1640.53	2048.06
1640.53	2036.25
1634.62	2030.35
1646.44	2030.35
1652.36	2036.25
1664.18	2048.06
1670.09	2030.35
1681.92	2030.35
1681.92	2042.16
1687.83	2036.25
1693.74	2042.16
1699.65	2036.25
1693.74	2030.35
1705.56	2030.35
1717.39	2030.35
1711.47	2036.25
1711.47	2048.06
1723.3	2048.06
1729.21	2030.35
1752.86	2042.16
1758.77	2048.06
1764.68	2042.16
1770.59	2048.06
1776.5	2042.16
1782.42	2048.06
1788.33	2042.16
1794.24	2048.06
1800.15	2042.16
1806.06	2048.06
1811.97	2042.16
1817.89	2048.06
1823.8	2042.16
1829.71	2048.06
1835.62	2042.16
1841.53	2048.06
1847.45	2042.16
1853.36	2048.06
1859.27	2042.16
1865.18	2048.06
1871.09	2042.16
1877.01	2048.06
1882.92	2042.16
1888.83	2048.06
1888.83	2036.25
1882.92	2030.35
1877.01	2036.25
1871.09	2030.35
1865.18	2036.25
1859.27	2030.35
1853.36	2036.25
1847.45	2030.35
1841.53	2036.25
1835.62	2030.35
1829.71	2036.25
1823.8	2030.35
1817.89	2036.25
1811.97	2030.35
1806.06	2036.25
1800.15	2030.35
1794.24	2036.25
1788.33	2030.35
1782.42	2036.25
1776.5	2030.35
1770.59	2036.25
1764.68	2030.35
1758.77	2036.25
1752.86	2030.35
1664.18	1746.91
1670.09	1741.0
1681.92	1741.0
1693.74	1741.0
1705.56	1741.0
1717.39	1741.0
1729.21	1741.0
1853.36	1723.29
1865.18	1723.29
1817.89	1522.52
1806.06	1522.52
1794.24	1522.52
1782.42	1522.52
1770.59	1522.52
1770.59	1475.28
1782.42	1475.28
1794.24	1475.28
1806.06	1475.28
1817.89	1475.28
1829.71	1475.28
1841.54	1475.28
1853.36	1475.28
1865.18	1475.28
1877.01	1475.28
1888.83	1475.28
1900.65	1475.28
1912.48	1475.28
1924.3	1475.28
1936.12	1475.28
1947.95	1475.28
1959.77	1475.28
1971.59	1475.28
1983.42	1475.28
1995.24	1475.28
2007.07	1475.28
2018.89	1475.28
2030.71	1475.28
2042.54	1475.28
2054.36	1475.28
2066.18	1475.28
1847.45	1410.32
1835.62	1410.32
1823.8	1410.32
1811.98	1410.32
1800.15	1410.32
1788.33	1410.32
1782.42	1416.22
1776.51	1410.32
1770.59	1416.22
1764.68	1410.32
1758.77	1416.22
1752.86	1410.32
1746.95	1416.22
1741.03	1410.32
1735.12	1416.22
1729.21	1410.32
1723.3	1416.22
1717.39	1410.32
1711.47	1416.22
1705.56	1410.32
1699.65	1416.22
1693.74	1410.32
1687.83	1416.22
1681.92	1410.32
1676.0	1416.22
1670.09	1410.32
1664.18	1416.22
1658.27	1410.32
1652.36	1416.22
1646.44	1410.32
1634.62	1410.32
1622.8	1410.32
1610.97	1410.32
1646.44	1398.51
1658.27	1398.51
1670.09	1398.51
1681.92	1398.51
1693.74	1398.51
1705.56	1398.51
1717.39	1398.51
1729.21	1398.51
1741.03	1398.51
1752.86	1398.51
1764.68	1398.51
1776.51	1398.51
1782.42	1392.6
1788.33	1398.51
1794.24	1392.6
1806.06	1392.6
1817.89	1392.6
1817.89	1274.5
1806.06	1274.5
1794.24	1274.5
1782.42	1274.5
1770.59	1274.5
1758.77	1274.5
1746.95	1274.5
1735.12	1274.5
1723.3	1274.5
1711.47	1274.5
1699.65	1274.5
1687.83	1274.5
1676.0	1274.5
1664.18	1274.5
1652.36	1274.5
1640.53	1274.5
1628.71	1274.5
1616.89	1274.5
1605.06	1274.5
1593.24	1274.5
1581.41	1274.5
1569.59	1274.5
1557.77	1274.5
1545.94	1274.5
1534.12	1274.5
1522.3	1274.5
1510.47	1274.5
1498.65	1274.5
1486.82	1274.5
1475.0	1274.5
1463.18	1274.5
1451.35	1274.5
1439.53	1274.5
1427.71	1274.5
1415.88	1274.5
1404.06	1274.5
1392.24	1274.5
1380.41	1274.5
1368.59	1274.5
1356.77	1274.5
1344.94	1274.5
1333.12	1274.5
1321.29	1274.5
1309.47	1274.5
1297.65	1274.5
1285.82	1274.5
1274.0	1274.5
1262.18	1274.5
1250.35	1274.5
1238.53	1274.5
1250.35	1250.88
1256.26	1244.98
1262.18	1250.88
1268.09	1244.98
1274.0	1250.88
1279.91	1244.98
1285.82	1250.88
1291.73	1244.98
1297.65	1250.88
1303.56	1244.98
1309.47	1250.88
1315.38	1244.98
1321.29	1250.88
1327.2	1244.98
1333.12	1250.88
1339.03	1244.98
1344.94	1250.88
1350.85	1244.98
1356.77	1250.88
1362.68	1244.98
1368.59	1250.88
1374.5	1244.98
1380.41	1250.88
1386.32	1244.98
1392.24	1250.88
1398.15	1244.98
1404.06	1250.88
1409.97	1244.98
1415.88	1250.88
1421.8	1244.98
1427.71	1250.88
1433.62	1244.98
1439.53	1250.88
1445.44	1244.98
1451.35	1250.88
1457.27	1244.98
1463.18	1250.88
1469.09	1244.98
1475.0	1250.88
1480.91	1244.98
1486.82	1250.88
1492.74	1244.98
1498.65	1250.88
1504.56	1244.98
1510.47	1250.88
1516.38	1244.98
1522.3	1250.88
1528.21	1244.98
1534.12	1250.88
1540.03	1244.98
1545.94	1250.88
1551.85	1244.98
1557.77	1250.88
1563.68	1244.98
1569.59	1250.88
1575.5	1244.98
1581.41	1250.88
1587.33	1244.98
1593.24	1250.88
1599.15	1244.98
1605.06	1250.88
1610.97	1244.98
1616.89	1250.88
1622.8	1244.98
1628.71	1250.88
1634.62	1244.98
1640.53	1250.88
1646.44	1244.98
1652.36	1250.88
1658.27	1244.98
1664.18	1250.88
1670.09	1244.98
1676.0	1250.88
1681.92	1244.98
1687.83	1250.88
1693.74	1244.98
1699.65	1250.88
1705.56	1244.98
1711.47	1250.88
1717.39	1244.98
1723.3	1250.88
1729.21	1244.98
1735.12	1250.88
1741.03	1244.98
1752.86	1244.98
1764.68	1244.98
1776.51	1244.98
1788.33	1244.98
1800.15	1244.98
1859.27	1221.36
1847.45	1221.36
1835.62	1221.36
1823.8	1221.36
1811.98	1221.36
1800.15	1221.36
1788.33	1221.36
1782.42	1227.26
1776.51	1221.36
1770.59	1227.26
1764.68	1221.36
1758.77	1227.26
1752.86	1221.36
1746.95	1227.26
1741.03	1221.36
1735.12	1227.26
1729.21	1221.36
1723.3	1227.26
1717.39	1221.36
1711.47	1227.26
1705.56	1221.36
1699.65	1227.26
1693.74	1221.36
1687.83	1227.26
1681.92	1221.36
1676.0	1227.26
1670.09	1221.36
1664.18	1227.26
1658.27	1221.36
1652.36	1227.26
1646.44	1221.36
1640.53	1227.26
1634.62	1221.36
1628.71	1227.26
1622.8	1221.36
1616.89	1227.26
1610.97	1221.36
1605.06	1227.26
1599.15	1221.36
1593.24	1227.26
1587.33	1221.36
1581.41	1227.26
1575.5	1221.36
1569.59	1227.26
1563.68	1221.36
1557.77	1227.26
1551.85	1221.36
1545.94	1227.26
1540.03	1221.36
1534.12	1227.26
1528.21	1221.36
1522.3	1227.26
1516.38	1221.36
1510.47	1227.26
1504.56	1221.36
1498.65	1227.26
1492.74	1221.36
1486.82	1227.26
1480.91	1221.36
1475.0	1227.26
1469.09	1221.36
1463.18	1227.26
1457.27	1221.36
1451.35	1227.26
1445.44	1221.36
1439.53	1227.26
1433.62	1221.36
1427.71	1227.26
1421.8	1221.36
1415.88	1227.26
1409.97	1221.36
1404.06	1227.26
1398.15	1221.36
1392.24	1227.26
1386.32	1221.36
1380.41	1227.26
